37.3450230612892 Test loss (%)
80.85824847221375 Test accuracy (%)

                           precision    recall  f1-score   support

    Brocoli_green_weeds_1       0.97      0.94      0.95      1406
    Brocoli_green_weeds_2       0.96      0.98      0.97      2608
                   Fallow       0.99      0.93      0.96      1383
        Fallow_rough_plow       0.98      1.00      0.99       976
            Fallow_smooth       1.00      0.98      0.99      1875
                  Stubble       0.98      1.00      0.99      2771
                   Celery       0.99      0.99      0.99      2505
         Grapes_untrained       0.97      0.24      0.38      7890
     Soil_vinyard_develop       0.96      0.98      0.97      4342
Corn_senesced_green_weeds       0.96      0.92      0.94      2295
      Lettuce_romaine_4wk       0.98      0.98      0.98       748
      Lettuce_romaine_5wk       0.93      0.99      0.96      1349
      Lettuce_romaine_6wk       0.97      0.96      0.96       641
      Lettuce_romaine_7wk       0.85      1.00      0.92       749
        Vinyard_untrained       0.45      0.98      0.61      5088
 Vinyard_vertical_trellis       0.75      0.56      0.64      1265

                 accuracy                           0.81     37891
                macro avg       0.92      0.90      0.89     37891
             weighted avg       0.89      0.81      0.79     37891

[[1317   86    0    0    0    0    3    0    0    0    0    0    0    0
     0    0]
 [  39 2559    0    0    0    0    9    0    0    0    0    0    0    0
     0    1]
 [   0    0 1283    4    3    0    0    0    0    0   10   82    1    0
     0    0]
 [   0    0    3  973    0    0    0    0    0    0    0    0    0    0
     0    0]
 [   0    0    9   15 1842    0    0    0    0    1    0    0    0    0
     7    1]
 [   0    0    0    0    0 2771    0    0    0    0    0    0    0    0
     0    0]
 [   0   10    0    0    0    2 2489    1    0    0    0    0    0    1
     0    2]
 [   0    0    1    0    2   59   10 1891    0    0    1    4   15   85
  5623  199]
 [   0    0    3    0    0    1    0    0 4251   87    0    0    0    0
     0    0]
 [   0    0    0    0    0    1    1    0  156 2122    0    0    1   14
     0    0]
 [   0    0    0    0    0    0    0    0    1    0  734   13    0    0
     0    0]
 [   0    0    0    3    0    0    0    0    0    0    4 1342    0    0
     0    0]
 [   0    0    0    1    0    0    0    0    0    0    0    0  615   25
     0    0]
 [   0    0    0    0    0    0    0    0    0    0    0    0    0  749
     0    0]
 [   0    0    2    0    0    0    2   34    0   11    0    0    4    4
  4995   36]
 [   0    0    0    0    0    0    4   25    0    0    0    0    0    0
   531  705]]