3.041895230915657 Test loss (%)
99.19163584709167 Test accuracy (%)

                              precision    recall  f1-score   support

                     Alfalfa       1.00      0.94      0.97        32
                 Corn-notill       0.98      1.00      0.99      1000
                Corn-mintill       0.98      1.00      0.99       581
                        Corn       1.00      0.99      0.99       166
               Grass-pasture       0.99      0.99      0.99       338
                 Grass-trees       0.99      1.00      0.99       511
         Grass-pasture-mowed       1.00      0.90      0.95        20
               Hay-windrowed       0.99      1.00      1.00       335
                        Oats       1.00      0.57      0.73        14
              Soybean-notill       1.00      0.98      0.99       680
             Soybean-mintill       1.00      0.99      0.99      1719
               Soybean-clean       1.00      0.98      0.99       415
                       Wheat       1.00      0.99      1.00       143
                       Woods       1.00      1.00      1.00       886
Buildings-Grass-Trees-Drives       0.99      0.99      0.99       270
          Stone-Steel-Towers       0.98      1.00      0.99        65

                    accuracy                           0.99      7175
                   macro avg       0.99      0.96      0.97      7175
                weighted avg       0.99      0.99      0.99      7175

[[  30    0    0    0    0    0    0    1    0    1    0    0    0    0
     0    0]
 [   0  999    0    0    0    0    0    0    0    0    1    0    0    0
     0    0]
 [   0    0  580    0    1    0    0    0    0    0    0    0    0    0
     0    0]
 [   0    2    0  164    0    0    0    0    0    0    0    0    0    0
     0    0]
 [   0    0    0    0  336    0    0    0    0    0    1    0    0    0
     1    0]
 [   0    0    0    0    0  510    0    0    0    0    0    0    0    0
     1    0]
 [   0    0    0    0    0    0   18    1    0    0    0    0    0    0
     1    0]
 [   0    0    0    0    0    0    0  335    0    0    0    0    0    0
     0    0]
 [   0    0    5    0    1    0    0    0    8    0    0    0    0    0
     0    0]
 [   0   11    1    0    0    0    0    0    0  668    0    0    0    0
     0    0]
 [   0    9    0    0    0    5    0    0    0    1 1703    0    0    1
     0    0]
 [   0    3    5    0    0    0    0    0    0    0    0  406    0    0
     0    1]
 [   0    0    1    0    0    0    0    0    0    0    0    0  142    0
     0    0]
 [   0    0    0    0    0    0    0    1    0    0    0    0    0  885
     0    0]
 [   0    0    0    0    0    0    0    0    0    0    0    2    0    0
   268    0]
 [   0    0    0    0    0    0    0    0    0    0    0    0    0    0
     0   65]]