25.56560837543434 Test loss (%)
91.76746000780336 Test accuracy (%)

                              precision    recall  f1-score   support

                     Alfalfa       1.00      1.00      1.00        11
                 Corn-notill       0.87      0.87      0.87       357
                Corn-mintill       0.86      0.93      0.90       208
                        Corn       0.88      0.97      0.92        59
               Grass-pasture       0.98      0.98      0.98       121
                 Grass-trees       0.99      0.98      0.99       183
         Grass-pasture-mowed       1.00      1.00      1.00         7
               Hay-windrowed       1.00      1.00      1.00       120
                        Oats       0.71      1.00      0.83         5
              Soybean-notill       0.81      0.90      0.86       243
             Soybean-mintill       0.92      0.84      0.88       614
               Soybean-clean       0.93      0.94      0.94       148
                       Wheat       0.98      1.00      0.99        51
                       Woods       0.99      0.99      0.99       316
Buildings-Grass-Trees-Drives       0.89      0.95      0.92        97
          Stone-Steel-Towers       1.00      1.00      1.00        23

                    accuracy                           0.92      2563
                   macro avg       0.93      0.96      0.94      2563
                weighted avg       0.92      0.92      0.92      2563

[[ 11   0   0   0   0   0   0   0   0   0   0   0   0   0   0   0]
 [  0 309  14   3   0   0   0   0   0   7  21   3   0   0   0   0]
 [  0   5 194   4   0   0   0   0   0   0   5   0   0   0   0   0]
 [  0   2   0  57   0   0   0   0   0   0   0   0   0   0   0   0]
 [  0   0   0   0 118   0   0   0   0   0   0   0   0   0   3   0]
 [  0   0   0   0   0 180   0   0   0   0   0   0   0   0   3   0]
 [  0   0   0   0   0   0   7   0   0   0   0   0   0   0   0   0]
 [  0   0   0   0   0   0   0 120   0   0   0   0   0   0   0   0]
 [  0   0   0   0   0   0   0   0   5   0   0   0   0   0   0   0]
 [  0   3   2   0   1   0   0   0   0 219  18   0   0   0   0   0]
 [  0  34  14   1   2   0   0   0   0  41 514   7   1   0   0   0]
 [  0   1   1   0   0   0   0   0   2   2   1 139   0   0   2   0]
 [  0   0   0   0   0   0   0   0   0   0   0   0  51   0   0   0]
 [  0   0   0   0   0   0   0   0   0   0   0   0   0 313   3   0]
 [  0   0   0   0   0   1   0   0   0   0   0   0   0   4  92   0]
 [  0   0   0   0   0   0   0   0   0   0   0   0   0   0   0  23]]