1.6611638064470708 Test loss (%)
99.53658536585365 Test accuracy (%)

                              precision    recall  f1-score   support

                     Alfalfa       1.00      1.00      1.00        19
                 Corn-notill       0.99      1.00      1.00       571
                Corn-mintill       0.99      1.00      1.00       332
                        Corn       1.00      1.00      1.00        95
               Grass-pasture       0.99      1.00      0.99       193
                 Grass-trees       1.00      1.00      1.00       292
         Grass-pasture-mowed       1.00      1.00      1.00        11
               Hay-windrowed       1.00      1.00      1.00       191
                        Oats       0.89      1.00      0.94         8
              Soybean-notill       0.99      0.98      0.99       389
             Soybean-mintill       1.00      1.00      1.00       982
               Soybean-clean       0.99      0.98      0.99       237
                       Wheat       1.00      1.00      1.00        82
                       Woods       1.00      1.00      1.00       506
Buildings-Grass-Trees-Drives       0.99      1.00      0.99       155
          Stone-Steel-Towers       1.00      1.00      1.00        37

                    accuracy                           1.00      4100
                   macro avg       0.99      1.00      0.99      4100
                weighted avg       1.00      1.00      1.00      4100

[[ 19   0   0   0   0   0   0   0   0   0   0   0   0   0   0   0]
 [  0 570   0   0   0   0   0   0   0   0   1   0   0   0   0   0]
 [  0   0 331   0   0   0   0   0   1   0   0   0   0   0   0   0]
 [  0   0   0  95   0   0   0   0   0   0   0   0   0   0   0   0]
 [  0   0   0   0 193   0   0   0   0   0   0   0   0   0   0   0]
 [  0   0   0   0   0 292   0   0   0   0   0   0   0   0   0   0]
 [  0   0   0   0   0   0  11   0   0   0   0   0   0   0   0   0]
 [  0   0   0   0   0   0   0 191   0   0   0   0   0   0   0   0]
 [  0   0   0   0   0   0   0   0   8   0   0   0   0   0   0   0]
 [  0   0   2   0   2   0   0   0   0 381   2   2   0   0   0   0]
 [  0   3   0   0   0   0   0   0   0   0 978   0   0   0   1   0]
 [  0   0   0   0   0   0   0   0   0   3   1 233   0   0   0   0]
 [  0   0   0   0   0   0   0   0   0   0   0   0  82   0   0   0]
 [  0   0   0   0   0   0   0   0   0   0   0   0   0 505   1   0]
 [  0   0   0   0   0   0   0   0   0   0   0   0   0   0 155   0]
 [  0   0   0   0   0   0   0   0   0   0   0   0   0   0   0  37]]